              precision    recall  f1-score   support

           0       0.96      0.98      0.97     24504
           1       0.93      0.98      0.96     28247
           2       0.99      0.70      0.82      6853
           3       0.94      0.93      0.93     11339
           4       0.88      0.91      0.90      9376
           5       0.87      0.73      0.79      3043

    accuracy                           0.94     83362
   macro avg       0.93      0.87      0.90     83362
weighted avg       0.94      0.94      0.93     83362
